031311313032
031310103321
031311301013
031310133221
031310133301
031311301202
031313103001
031313103333
031311031122
031313120310
031311313110
031311301131
031313110100
031313113110
031313201311
120202020220
031313133330
031311302223
031313122310
031313102031
031313120210
031311103101
031311332213
031311333031
031313031100
031313111322
031311010010
120202002231
120202001030
031311132303
120202030200
031310123203
031313210311
031310132302
031310311012
031311323030
031313131111
031311010232
031311322211
031311302001
031133233211
031311230013
031311231320
031313133111
120202020132
031313210133
031310112321
031313131222
031311233120
031311331033
031313131103
031311322120
031133223122
031311033022
031313012312
031313120011
031311100220
031311312012
031313102010
031311302022
120202022232
031313121130
031313131112
031311013323
031313202020
031311332202
120202000123
031313033031
031313102030
120202002113
031311233122
120200222031
031313012232
031310113220
031313113100
031313202121
031311310023
120202021231
031133223233
031311323203
031313113321
031313203001
031311123101
031310310112
031311300313
031313003133
120200222320
031313120212
120202020031
031311301330
031313012203
120202000110
120200222023
031311323102
031310131330
120202023003
031313032221
031313131022
031133232212
120202000012
031311322020
031311312122
120202023111
031313131221
031311322002
031311120011
031313310030
120200232200
031313031101
031313033001
031311310203
031313131122
031313132210
120202000210
031313013213
120202003101
031313123230
120202002302
120202021300
031311001010
031313202110
031311121112
031313012200
031313201203
031313013202
031310132130
031311322220
031311330003
031313111302
031310131301
031311322123
031311130002
031311310211
031313202030
031313130210
031311330213
120202001330
031313201302
031311312130
031311211131
031313112311
031311302131
031313112332
031310133133
031311031112
031311331013
031311320011
031311332002
120200223111
031311301133
031310123220
120200220323
031313012303
031311322320
031311121231
031313132303
031311231032
120202002210
031311310200
031311321310
031311321002
031313013222
031133231311
120202022311
031313112021
031133223321
031311001033
031313110311
031313013230
031313301111
031311320212
031311310032
031311233113
120202003020
031133223333
031311211100
031311121123
031313111203
031311303201
031310123013
120202023210
031311132321
031311010013
031311322303
031311303130
120202010000
031313112330
031310133003
031313033232
031311031113
120202002223
031311312021
031311033002
031311312212
031311031133
031311103121
031313101113
031313123231
031310132300
031133223312
031133233012
120202021310
031313122312
031311303123
120202022000
031313110223
031133233201
120202022121
031311121113
031311312230
120202000212
031311320003
031311300322
120200202232
120202022123
031313121112
031311231133
031313212101
031313131311
031311303101
031133232323
031133231210
031313130021
031133300100
031313102123
031313211001
031313101233
031313110131
031313120202
031313210223
031311300003
031310130221
031310130031
031311332223
031310133031
120200223100
031310133321
120202022200
031311300220
031133233302
031311330002
031311313132
031311302020
031313210310
031313130000
031313113303
031311132010
031313110111
031313120010
031311302003
031313132331
031311012330
031310130130
031313101211
031311331123
031313111320
031311333013
031311332222
031313102212
031133232101
120202000201
031311303113
120200222103
031133122323
031311231120
031311331310
031311230223
031313113213
031311323303
031313033223
031311132002
031311311123
031133231102
031313121213
031311121321
031311312313
031313101231
031311332122
031311312310
031313101012
031313132112
031313133230
120202022131
120202020230
031311333220
031310121232
031313132020
031311312233
031133223302
031311213313
031311322222
120202021213
031311211133
120202020231
120202000301
031311233112
031313120211
031311313333
031310131300
031313013122
031313110133
031313121323
031311321233
031310133202
031313103203
031311231020
031133223220
031133231022
031311321001
031311332121
120202022301
031311302111
031133231033
120200220202
031313113200
031311312330
031311333130
031311132101
031133302213
031311001233
031313131123
031313033121
031311133020
120200202202
031311323121
031313100113
120202020321
031311332032
031311132013
120202020103
031133232310
031311321231
031311122202
031311330323
031311213112
031313130222
120202002121
120200223210
120202020311
031311333210
031311230021
031313112101
031311031333
031313101021
031310123101
031313202111
031313122200
031310130101
031311303121
031311130022
031313110003
031133123222
031313120321
031310112302
031133123023
031310132032
031311302133
031311231121
031313031112
031313132110
120202010202
031313210123
120202020201
031313122212
031311321330
031313121203
031313102312
031311302303
031311032113
031310133103
031313101300
031313113032
031311132330
031133233303
031311213312
031313110310
031311313301
031313023322
120202003103
120200223323
120202001022
031311001132
031133230220
031313112011
031311221103
031133322020
031311301333
120202021312
031313113322
031311323013
031311001021
031311302023
031311121103
031313211101
031311303310
031313101201
031311130233
031133230233
031311320022
120200222300
031311302103
031313120012
031313113033
031313120021
120202022023
031311302211
031311323230
031313113010
031313110112
031313210313
031311303332
031311121013
120202002323
031313211010
031311330110
031313100322
031311312102
031313102001
031313211012
031313100232
031310121031
031313110301
031313201121
031311321230
120200222310
031310133310
120200222321
031311320023
031310103322
120202002033
031311211303
120202001123
031313011311
031311312121
120202001222
031313130221
120202002012
031313122121
031313031311
031313133013
031310130033
031313111113
031313101131
120202002332
031133322032
031133232203
031313031323
031313123120
031310121113
031313033101
031313201022
031313101313
031313110020
031311322131
120202003200
031313112010
031313122011
031133232220
120200222101
031311333133
031313131223
031311230100
031310132122
031311133230
031133213223
120202022101
120202021301
120202003022
031311301120
031313210110
031311022003
031311312020
031313210212
031313102311
031310112220
120202002230
031311302011
031313102211
120200222003
031310131130
031313023321
031310132132
120202000203
031311231312
120200220023
031313132021
031133232313
031311322302
031311320001
031311001320
031310123102
031310133110
031310121110
031311213123
031310123003
120202022202
031311001111
031313111130
031133233020
031311332233
031313131213
120202020123
031311323003
031311132011
031313132211
031313132131
031313111231
031311310303
031313100313
120202023110
031311303333
031310133012
031310130122
031311213333
031311120202
031313123332
031313101023
031311123010
031313110130
031313131131
031311312112
031311323332
031313210010
031311221112
031313101320
031311121312
031310132030
031313032332
031311320333
031311323010
120200222123
031311013301
031311303003
031313131120
031311302203
031313131030
031311323130
031311331022
120202022213
031311230002
031133300121
031133123030
031310121120
031311311212
120202020122
031311301320
031311001300
031133223323
120200232220
031313030333
031133223310
120202020300
120202021022
120202020010
031311123301
120202020323
031311213320
031313202033
031310130302
031313012332
031313130023
031313103121
031311310332
031311310022
031311331313
031311311202
031311313300
120202000002
031133232303
031311331212
031311302000
031313033222
031313110322
031311323322
031310132303
120202022201
031311320103
031313013123
031311323201
120202000111
120202003023
031313133231
031311130221
031311320130
031313112233
120202002032
031311321120
031313121021
031313113333
031310130112
031311123111
031133231112
031311330021
031311303012
120202023012
031310112333
120202003012
120202020033
031313031002
031313131021
031313121000
031311003103
031313131220
031313112310
031310132103
120202000312
031311022021
031310113233
031311333033
031310133130
031311321332
031311103122
120200222130
031313103003
120200222033
031313131230
031311303013
031133232132
031313112023
031311301112
031313012211
031311331030
031310112211
031313113112
031310130311
031311331031
031311312110
120202020301
031311120220
031313131133
120202023010
031311301311
031313030110
031313112122
031313003300
031313031102
120200220033
031310133030
120202002322
031313033100
031313121332
031133233320
120202000003
120202020221
031311330103
031313133122
031133232232
031311121101
031311332230
031313132230
031311213323
120200202223
031313101031
031313300100
031311330031
031313132333
031313111310
031313201132
031313023330
031311231330
031313110210
031313112312
031313131231
031311333121
120202021320
120202022230
120202003031
031311320330
031311322331
031313210202
031313113323
031313111121
120202002131
120202020100
031310103332
031313130332
031313033310
031311330231
031313130320
120202003222
120200202200
120202021220
120200223032
031310133132
120200232221
031310131022
031313013330
031311322023
120202001232
031311330033
031311033121
031133302232
031311103322
031310131012
120202020020
120202021313
031313300011
031311122220
120202001032
031310130002
031311313113
031313111123
031313121022
031311333101
031311121201
031310131221
031313102200
120200223133
031133232200
031311320231
031313100301
031313130303
031311320113
031311223100
120200223303
031311332323
031311330111
120202003202
031313033033
031313120133
031313101101
031311300333
031313101230
031311320100
031313102000
120202023103
031311331010
031311321000
031311332211
031310123231
120200223302
031311312022
031313133213
031310130003
031311303203
031313100223
031133320221
031313111333
120202001322
031313131003
031311123113
031311213311
031313202031
031313120001
031313133113
031313033231
031313132121
031311312120
031311011120
031311033000
031313202021
031133300310
031311133210
031133232100
031313200322
031311322332
120202022002
031311330212
031313210301
120202001203
031133233310
031311213321
031311010021
031310131333
031313102333
120202001000
031311233133
031313130211
031311223101
031311333111
120202000013
120202003013
031313111200
031310133123
031311330202
031313310000
031311333213
031311303033
031313123122
120202001212
120200232032
031311120100
031133233311
031313012302
031313201222
120200222323
031311320013
120202000031
031310131023
120200222122
031311301233
031311331120
031311120232
031311233311
031313310003
031310130121
031311312033
031311302113
031311322110
120202023102
031313131322
031311231311
031313113310
031311122203
031311333331
031311321302
031311121001
031313123322
031313100111
031313121111
031313131101
120202021331
031311333303
031311322333
031310133000
031311330133
031311310333
120202023200
031311230122
031313310002
031311231103
031311301322
120202023013
120202000333
031311031210
031313110332
031311100021
031133300123
031311310201
120202020001
031311022202
031313113332
031313130003
120202001332
031311331000
031313112002
120202002103
031133232202
031313130123
031313012210
031311010103
031313123232
120202020000
031133301020
031313031313
031311030030
031313033103
031311323131
031311310123
031311333222
120202002022
031313211000
120202003100
031313102113
031313202013
031313101321
031311001012
031313210221
031133232221
031311213131
031133233202
031133233001
031313120313
031313111220
031313113120
031311302200
031310310110
031133300131
031311302010
031311132003
031313013302
031313131200
031313101333
031311011311
031311333112
031313100200
031313310021
031311001133
031313110331
031313120332
031310112223
031310130133
031311332130
031313202130
031311120201
031311302221
120202000033
120202020200
031311030331
031310133222
031311213110
031133223320
031313210022
031310103323
031311312231
031133233002
031313110000
031311332322
031313122001
031313133012
031313200333
031313100310
031313132332
031310131230
031313120233
031313133132
031311033233
031313120122
031313012331
120200223123
031313130121
031311300223
031310131323
031311231101
031313013212
031313110001
120202020002
031311003010
031311330210
031311301221
120200232213
031313013301
031310130032
031311213301
031313130203
031311302102
031313102131
031313100032
031311233111
031311331023
031313113220
031311001231
031313120312
031310133223
031313111133
031311301213
031133213232
031133212333
031311231310
031311312133
031310112300
120202021302
031310132021
031313103222
031313130111
120202001202
031311310331
120202001331
031311320223
120200221223
031133232113
031311313311
031313130032
031133233003
031311211323
031311303313
031311303202
031311332103
031311231323
031313110122
031311130000
031311301110
031311313210
120202002122
031313013111
031310133231
120200223321
031313131301
031311333003
031311310231
031313120203
031313200312
031311123112
031311211310
031311312210
031313100021
031133231302
031313113211
031311302201
031311321220
031313112220
031133233203
031311302120
031311320133
031310123002
031311310111
031313030101
120202003300
031313121330
031133233321
031313133300
031313210322
120200223300
031311332231
031313122332
031311012331
031310131212
031313131000
031313112100
120200222212
031313012321
031311310030
031311322311
031311332003
031313132022
031311130222
031313131210
031313133030
031311213322
031310131021
031313033300
031311320321
031311312203
031313113133
031313031330
031311302033
031313120031
031313120100
031313110110
120202003122
031133232210
031311133231
031311013200
031311320300
031311323223
120202020111
031313113031
031133320002
031313033210
120200202222
120202020333
031310113022
031311303110
031311331100
031313123211
031311230022
031313133312
120202022011
031311310232
031313103111
031311300311
120202002303
031311320311
031311323320
031313132111
031313112131
031311301123
031311323100
031133232320
120200220203
120200232203
031133123211
120202021000
031313101210
031311332300
031313101022
031311330322
031311320211
031313131211
031313123233
031311231333
031313201310
031311301300
031313102201
031313130201
031313120231
031311123310
031310123122
031310121203
031311233130
031311302110
120202001230
120202000133
031311301331
031311311101
031311310033
120202022012
031311322112
031311303030
031311302212
031311132001
031311123103
031313012231
031313030111
031313111232
120202002020
031313033122
031311320230
031313120023
031313031030
031313130133
120202021321
120202023002
031313211002
031133232223
031311321232
031311323101
031311323300
031311302323
120202002132
031311011133
031311323302
031313033022
031313112302
031311310322
031313112112
031313112333
031133302221
031313100213
031311323103
031313100003
031313112031
031313122021
031311321111
031311303133
031310113223
031313101213
031133123000
031313122033
031310123030
031311303002
031311302322
120200232023
031311321132
031311310222
120200222220
031313101223
031311103300
031311133002
031313113132
031133231333
031311313203
031311301113
031313211020
031313102322
120202020310
031311323020
031313101121
031311330221
031313113130
031133232120
031133230232
031311302122
031313131310
031313133110
031311321003
120200222020
031311312302
031313110302
031311221133
031311103100
031313121122
031311123311
031313120322
031310132210
031311231000
031311332221
031311303122
031313102121
031311103222
031311311213
031313101330
031133232010
031133223313
031310310113
031313132231
031311301321
031313102233
031311310310
031313133120
031310133302
031311231013
031133300102
031313113011
031311230120
031311311231
031313110312
031310123322
031310132102
031313031310
031313032321
031313201230
120202020302
031310133023
031313123123
031313033323
031310133010
120200220210
120200220003
031311033130
031313031222
120200222202
031133122232
031133122331
031311001110
031313132302
031313133210
031311302121
031311322213
031313131233
120202020233
031311300020
031311302032
120202003211
031313101010
120202000323
031311330331
031311313133
031311010102
031313201223
031311330201
031311130223
031311311120
031313122112
031311300200
031311331311
031311321131
031311320313
031133233300
031311233310
031313123012
031311330010
031311311232
031313003313
031313110031
031311333203
031311121111
031311121323
031310130110
031313211100
031313122013
120202020303
031313131312
031313210300
031311322113
031313130311
031311312000
031313120301
120202001200
031313122132
031311331130
120202022032
120202003003
120202021203
031313102003
031311230300
031310132311
031313113131
031133322021
031311233320
031311310223
031311302220
031313132102
120202010010
120202002011
031313100221
031311300302
031133123230
031313130231
031312313131
031311233233
031311301230
120200220013
031311320210
031313113233
031311313001
031311321030
031311010011
031310123210
031313121003
031313102303
031311103332
031313121011
031313030103
031313132202
031311123213
031311323132
031313110113
031311303031
120200221322
031313111210
031313101102
031313122322
031133231002
120202000021
031313100110
120200223233
031313120132
031311221113
031313031032
031313120111
120200232202
031313131303
031313123100
031310113023
031311323023
031311302313
120202010220
031313013113
031310121032
031313031322
031313110320
031311333323
031311332020
031310131020
031310130232
031311331210
031311300002
031313031010
120200222200
031313003132
031313100030
031311310233
031313131330
031311133212
031311301022
031311013322
031311303010
031313103223
031311320331
120202000022
120200232230
031311320323
120200222000
031313112221
031310132133
031311221332
031311313121
031310133200
031311231113
031311302312
031313132103
031311121333
031313133121
031313130302
031133223201
031311313221
031133223231
031133300101
031310132330
031313113000
031313202101
120202022132
031311333103
031133223332
031313120030
031311303301
031313112223
120202020202
031313033203
120202001011
031311120111
031311031331
031133223033
031311132331
031311123312
031311332220
031310132212
031313101000
120202003120
031313201023
031311331220
031133230122
031311121120
031311230231
031133231130
031313113121
031311103323
120202023001
120200223131
031311101321
031133223303
031313113101
031313210020
031311211312
031313100121
031313131020
031311231002
031313121020
031311213130
031313030131
031311302332
031311330020
031313133100
031311323112
031311302210
031311233312
031313113222
031311303023
031313010111
031313013233
031313132213
031313112321
120202001302
120200222203
031310130233
031311303111
031313012322
031313023312
120200223311
031313202120
031310132112
031311121132
031313113103
031311011123
031313101132
031311130220
031311010203
031311323113
031313120102
031313033311
031313013320
031313300102
031311103123
031311300323
031313210200
031311121122
120202002320
031311121311
031313123133
031311003100
031310121213
031313133130
031133232300
031310123211
120202003102
031313201220
031311303300
031313101111
120200232223
031313202100
031311300301
031311221111
120202002312
031311031111
031311122232
120200223033
031311313102
120200223212
120202003132
031313112232
031133213231
031311323111
031313110033
031313102323
031313110021
031313033123
031133122231
031311323210
031313122222
031313012221
031311301102
031313122102
031311230020
031313111301
031311302021
031311310002
120202023101
031313110123
031133231103
031311302333
031313031022
031310133320
031310132301
031311301323
031311311322
031311311233
031311333123
031311001122
031313031110
031311031132
031313201210
031313102120
031311332000
120200223002
031311323213
031313202123
031311123123
031311333212
031311302301
031311031203
031313210130
031311221132
031313122122
031311313310
031311323110
031313123031
031313120323
031311303223
031311301203
031311231122
031313200311
031311320221
120202022312
031311233213
031313111021
031313132300
031311332031
031313201301
031313103010
031311033133
031311320312
031311010112
031133232121
031310133013
031313133133
031133322033
031311302202
031313202300
120202022120
120202000202
031313112032
031311012312
031311322033
031133232201
031133223023
031313102132
031310103330
031313111023
120202002112
031310131332
120202000100
120202002010
031313112203
031133122111
031310130231
120202000112
031311322330
031311313101
031313100333
031311302232
031313121201
120202002123
031311230023
031313110101
031313031031
120202010200
031313122022
031311233210
031313101302
031311121331
031311330131
031311121010
031311001330
031313131132
031133300133
031133223213
031311330102
031313132123
031310130301
031313103011
031313131012
031313110032
120202010021
031311320101
031310132313
031311300232
031311332001
031313013322
031313122032
031313120331
120202002110
031311001321
031310130223
031311320031
031310112122
031310121100
120202002313
120202002133
031311330032
031311320120
031311010001
031313201320
031311320131
031313103320
031311001331
031311322022
031311211321
031311132110
031313123221
031133213330
120200223301
031311303102
031310310103
031313201133
031310121112
120200223112
031310130120
031313210331
031311221011
031311322300
120202001211
031311312213
031313033202
031311302222
031313130132
031313113210
031311211011
031311033132
031311311033
031311020220
031311302100
031313101003
031313110303
031310131121
120202020030
031311313200
031313031332
031311123303
031313131102
031311333110
031311312323
031311033331
031311001302
031311331203
031311213303
031313103112
031311323200
031313113320
031310133122
031133302121
120202000010
031313132101
031313101001
031311013332
031313123212
031133233210
031311132220
031313132100
120202020313
031313110220
031133302220
031313201321
031311301231
031313110010
031313013323
031311323211
031313120000
031310131003
120202020211
120202010030
031311332203
031311301121
031311300221
031311303331
120202003011
031133233200
031311323233
031313113312
031311010222
031311211333
031311313033
031311330312
031311320030
031311031130
031311311103
031311013201
031313003312
031311203330
031313122313
031311322121
031313132002
031311322312
031313121320
031310123110
031311233101
120202023201
031311121000
120200220220
031311332311
120200223313
031311330311
120202003000
031311031101
031133233213
031311121211
031313133112
031311302013
031310130111
031313120123
031313031033
120202022223
031311231100
031311310031
031313300110
120200220031
031313113300
031313113021
031311231302
031311331301
031313103221
031313112103
031311320301
031313122123
120202002013
031313123102
031311121332
031313112222
031133232033
031310130323
031311121303
031313131321
031311132000
031311312322
031313120303
120202000032
031313013203
031313012323
031311100022
031313131013
031313113023
031313131323
031311001102
120202002222
120200223120
031133223211
031313113002
031313123013
031311313010
031313033131
031311322003
031311323220
031313212100
031311323231
120202001231
031311333330
031311322130
031313122330
031311211331
031311323330
031311121302
031310123201
031313003131
031313301000
031310112213
031313101011
031311322322
031311313120
031311031013
031133123212
031310121322
031311300112
031311313331
031313210302
120202000220
031133232022
031311121300
031313132023
031313130312
120200223333
120202003113
031313102223
031313120113
031133232322
031311300332
031311231130
031311031222
031133232222
031313130103
031313103000
031311121100
031313031133
031313201030
031313131010
031313101032
031313113311
031311330320
031311101323
031313132320
120202021333
031311333231
031313200330
031313110212
031133300332
031311303312
031311330130
031313133220
031313113301
120202021303
031311121011
120200222302
031311103330
031311323311
031311302311
031313111022
031311121330
031310311100
031311311000
031313100013
120200223320
031313103020
031310133032
031313131033
031311231301
031310130102
031313110221
031310121330
031313210230
031310132120
031313132321
120202000322
120202001112
031311031110
031313130331
031311230012
031313133000
031313133311
031311302302
031311310302
031311332123
031313103312
031313101220
031313103131
120202001002
031313112200
120202003033
031311130203
031311320102
031313012233
031310132123
031313113313
031313120311
031133232301
031313122023
031313133302
031313133203
031313012201
031313111000
120202022030
031313111233
120202001323
031311121110
031311302331
031313102133
031133232331
120202021223
031313130313
031313113013
120202003301
031313131203
031313132203
031311303220
031313110200
031313120232
120202002331
031133230131
031313031000
031313113330
120202003002
031313112113
120202000020
031310123213
031133233011
031311231300
031311100122
031311312002
031313111020
031313132130
031313031103
031311012313
120202020312
031133232103
031311312101
031313202112
031313133221
031311310021
031311302130
031313103033
031313200332
031313123323
120202001333
031313110211
120200232002
031313013021
031313012310
031311332212
031310123011
031313103230
031311301212
031313033221
031313120220
031313130232
031313112313
031311022000
031311331302
031133232023
031311031220
031311320010
031311330230
031313033200
031313133010
031313102122
031311231110
031133232032
031133233301
031311330030
031311330310
031133232012
031133300210
031313013011
031313110321
031313123223
031133231233
031310131213
031311001211
031313113232
031313133103
031313131202
031310121331
120202022112
031313122202
031133231323
031313033313
031311333131
031311103132
031311331333
031313113001
120202002030
031310131322
031311303330
031311311032
031311030100
031311310301
031311331300
031311303022
120200202000
031311031131
031133300311
031313033233
031313101110
031311312222
120202002233
031310123033
031311301130
031310121212
031313100220
031313130022
120202001031
031311030011
031311320233
031313112213
120202020203
031313003311
031311213331
031313111120
031313100332
031310132310
031311001031
031313101103
031313013332
031311310210
120202002200
120202020021
031311301303
031313120013
031311320110
031313102300
031313110132
031311332313
031133232231
120202022022
031310132332
031313202022
031311231010
031311120233
031313123222
031313123132
120202022010
031313200313
031313131331
031311211313
031133223021
031313101303
120202000300
031311130020
031313122331
031313101002
031313121200
031311332102
031313113102
120200232233
031311303100
031311312132
031311321130
031313202103
031313123331
031311331231
031313103130
031311103231
031311203321
031313121322
031311320020
031313112323
031313112230
120200222030
031311303311
031311230113
031311312223
031311310020
031313122120
031313120020
031133232230
031313310010
031313123213
031311032111
031311302123
120202020320
031313103002
031313133211
031311103103
120202020011
031311211330
031313131110
031310123200
031313210312
031313113203
031313110012
031313120223
031313033010
031313131232
120202010013
031311213121
031313130120
031313111112
031313012230
031133232133
031313210023
120202003030
031313112132
031311332030
031313102231
031313201201
031133301200
031313030001
031311020222
031311031221
031311301302
120200221332
031311303120
031313122002
031311321201
031313201221
031311321301
031313033030
031311330223
031313111010
031313210131
120202022133
031133233231
031313030113
031313033110
031311323032
120200222201
031313132201
031311303303
120202003010
031310112233
031311121320
120200220021
031133213303
031310132001
120200222002
031311320021
031311323021
031311320202
031313132012
031311303212
031310131302
031311132030
031311323310
120202002202
031311221313
031310130123
031311310311
031313120022
031313033201
031313122020
031133230303
031310133002
031310132013
031311330222
031313013223
120202023032
031313102130
031313113022
031311311300
120202001020
031313130110
031313133331
031311332133
031311332022
031311120230
031311121310
031313101301
031133223202
120202021311
031310123202
031313200321
031313133102
031311010012
031311302330
031313100331
031313130130
031310133201
031311310110
031311332232
031311213132
120200220032
031313100311
031313121321
031311312031
031313111223
120202020322
031313102321
031310123032
120202022103
031313113231
031313101323
031313110222
031313102100
031313131313
031311221311
120202020012
031311233222
031311231011
031313210111
031313121311
031311333320
031313130102
031311313031
031313110121
031313012320
031133233021
031311323321
120202022302
031311310300
031313201212
031311301332
031313011303
031311013233
031311012011
031133300213
031313101311
031313103231
120202010011
031313013221
031311313022
031313013300
031310112330
031313131031
031313031012
031310131310
031313103311
031311123300
031311310102
031310130322
031311332331
031313132223
120202003203
031310131123
031313122133
031311121131
031313121333
031311303222
031313300101
031311221131
031311231303
120202020022
120200232210
031313130010
031311310321
031313013211
031311320111
031311330232
031313110002
031311233230
031311123001
031133232122
031313032231
031313102103
031313201103
031311330122
031310132121
031310122133
031313202122
031313122000
120200223332
120200222312
031311233110
031311332012
031311322111
031311312312
031310132331
031133223330
031313122220
031311101303
031313013003
031311231112
120202002023
031313111331
031311302310
031133231322
120202022100
120202022220
031313013303
031311010003
031311332023
031311331001
031311331223
031313100112
120202023021
120202003032
031313112012
031133300113
031313131002
031311300202
031310133022
031313111012
120202021222
120202020131
031311123122
031133233212
031133223003
031313211011
031310133322
031310132031
031311300331
031311313013
031310132231
031133223212
031311122001
031313012202
031311302030
031311323202
031313122130
120202022110
031311330313
031310133020
031133232213
031311322013
031310132010
031311332033
031313122301
031310131201
031311121133
031311313011
120202002321
031310133121
031311310220
031311331332
031133231032
031311332120
031311303200
031310131000
120200222021
031311120112
031313112102
031313103313
120202021332
031311333322
031313100321
031313100330
031311300233
031310112210
031311302231
031313112110
031313112030
031133223331
031311331020
031313202102
031311133322
031313100103
031311332333
031313100312
031313112201
031313111323
120200223312
031311121313
120202000310
031311312010
031310121033
031311103320
031313130330
120202020213
120202021212
031311311320
031313101212
120202020120
031313101120
120202000103
031311231231
031311301122
120202003220
031311121102
031311323002
031313101033
031313103301
031311010120
031313112133
031313120333
031313121233
031313111132
120202000030
031311323123
031311213133
031311301232
031313110330
031311323133
031311001121
031311301132
031311322313
120202020102
120202003110
120202001021
031133231131
031311221322
031313113113
031311320123
031313130220
120202002201
120200223012
120200222313
031311033321
120202003210
120200223230
031313130321
031313110323
031311320303
031311303032
031313120003
031313301021
031313130213
031311312100
031311331230
031313111321
031311012121
031311303011
031311211332
120202022231
120202020330
031311321203
031313013210
120202022313
031311001123
031310132211
120200223200
031310131203
031311301310
031311121213
120202000000
031310132113
031311303000
031311130212
031311321110
031313300013
120202002203
031133231133
031311103333
120200222221
031313122233
031310133313
031311322122
120202002330
031313201130
031311320012
031311323120
031313102111
031311320213
120202022212
031311233131
031311120223
031311122222
031311312211
120202001220
120202000122
031310130321
031133232321
031311332021
031311321113
031311233302
031313111311
031311321202
031313031013
120200221323
031313133202
031311312131
031310131002
031311312103
031311331002
031133233133
031313201313
031313103331
031311311031
031313113221
031313120320
031313132312
031310131320
031310123023
031313101133
031313023320
031311302012
031313101130
031313122110
031133302201
031310121333
120202020013
031310121323
031311312200
031313031001
031310310101
120200232021
031311132012
031311311302
031313030112
031310132213
031311312320
031313121331
031133230300
031313031011
031311230102
031311121121
120202022113
120202023100
031310121013
120202000302
031311333000
031313100323
031311001303
031311100002
031311310010
031313132212
120200223122
120200223331
031311331320
120202000233
031313122131
031311010000
031311231033
031313113302
031311231031
031133231023
031310311013
031313011111
031311302002
031311330120
120200223020
031313210303
031311333032
031311322001
031311100201
031313120120
031311311222
120202001010
031311302213
031311121030
031311213330
031313133131
031313131302
031133302211
031311302031
031311321121
031311033020
031313201200
031313300112
031311332100
031313210201
031311123110
031313033112
031311302300
031313121132
031311231123
031313032232
120202022033
031311313201
031313101013
031313102213
120202020023
031313201012
031313023302
031311300222
031310103333
031313111221
031313101020
031133302033
031313112202
120202000211
031313131011
120200232222
031311313012
031133223301
031313210231
120200223211
031311033332
031311303112
031311310120
031311330203
031133232031
031310123100
031310130303
031311331330
031311013203
031310133203
031310133112
031313120201
031313033332
120200223310
031313200323
120202000011
031313012333
120202022203
031313122323
031311312333
031311303103
031311301201
031311233223
031310310111
031311121301
031313133032
031311323212
031311312300
031133300313
031311120002
120202010001
031133322200
031133201032
031313111212
031310132033
031311233300
031313202003
031311333300
031313122030
031311122201
031311321333
031313301001
031313123130
120202000232
031313132313
031313110030
031313012223
031133232123
031311001213
031311221100
031311333232
031313200331
031313121023
031133231303
031311100023
120202021323
031313012032
031311312032
031313210203
031133233010
031311031202
031311301200
120200223221
120202000230
031313013232
031313113030
031311300303
031311301313
031313110022
031311130202
031311332011
031313101232
031311331331
031311122200
120202022303
031133233100
031311321200
031313111230
031311320002
031313102310
120202021200
120202020113
031311322201
031311322021
031311333120
031311301210
031311303132
120202020212
031311331021
031311323022
031311312030
031311300011
120202020222
031313100002
120200222210
031311313020
031311312023
031311331003
031313112001
031313103122
120202020331
031313003331
031313101123
031313112303
031313112231
031311010121
031311313123
031313033120
031313103310
031311300321
031313013231
031311330001
031313131100
031311330011
031311333321
031313133313
031313100132
031311030021
031311333002
031310121302
031311231102
031311230200
031313012300
031311231131
120202001023
031313130011
120202003112
031310133312
031313113230
031311323323
031310121303
031311323232
031313301003
031313133101
031310131001
031313130233
031311231321
031311332302
031310131200
031310121101
031311302230
031311322301
031311330000
031313003211
120202003001
031311333312
031311333211
031133231111
031313100130
031313131300
031311321221
031311320121
031313031020
031313113223
120202000222
031313101030
120200223113
031311310132
120202020003
120202020133
120200222222
031313101222
031133300130
031133232312
031311310202
031313111110
031133231010
120200223130
120202002232
031311310013
031311310213
120202020210
031133300132
120200232211
031313131320
031311321012
031311031021
031313032333
120200223330
031311001011
031313113201
031313101112
031310133232
031313102032
031133233233
031311100222
031311323333
031313122003
031310310102
031133233013
031313121301
031311103301
031311300330
031311313021
031313123330
031133300103
031310133033
031311221102
031313110300
031313130131
031313112033
031311231210
120202023031
031313131001
031311332320
031313130322
031313120213
031311031033
031311323312
031311321311
031311231001
031310121320
031313102313
031311010100
031313033330
031313103133
031133230032
031313131121
031311133021
031310133220
031313201112
031311321112
031311333310
031311001030
031311330301
120202020110
031133230320
031310132011
031311010031
031311322133
120202002021
120202022210
031311030102
031313031021
031311332112
120202021002
031310130320
031313113020
031133231201
031313120300
031311302320
031311313002
031133232211
031313112212
031133230313
031311330220
120202001102
031313111100
031311332010
031133232233
120202000223
031311213233
031313033312
031313033032
031311312003
031313101122
031133232330
031311323011
031313102331
031311330022
031311300103
031133301002
031311333302
031313130033
031311322200
031313132003
031311312331
031313131201
031313132330
031311120203
031311320000
031311303001
120200223132
031313111300
031311313003
031311312221
031313130001
120202003021
031311213113
031311231132
120202000200
031313120330
031313112123
031311321133
031310132323
031311311323
031133302032
031311031121
031311233102
031313113331
031311312220
120200232022
031313103102
031311322011
031311310320
120202002301
031313123312
031313131032
031313131332
031313100012
031133233023
031313103120
031313210132
120202003221
031313211003
031311120221
031311313023
031311331213
031313111222
031133231120
031310112222
031313112111
031313130333
031311321313
031311320112
031311323221
031313133002
031310131331
120202003123
031313030010
031311320122
031133232102
031311213111
120202001120
031311001312
031313103332
031311333113
120200220200
031311033310
120200222121
031133213331
031311320132
120200222132
031310112312
031311322212
031311331221
031310123212
120200220012
120202001213
031133231021
031311303221
031311323033
031311330332
031311103321
031313120032
031313131113
120200222032
031311233232
031313201113
031311011031
031133230223
031311120000
031311303131
031313031312
031313130013
120202002220
120202000221
031313031023
031313310001
031311130232
031311312202
031310132100
031311221333
031313133303
031313300111
031311231021
031313102033
031313013321
031311123100
031311120110
031311233103
031310112221
031133231020
031313133301
031311300022
031311322202
031313100131
031133231301
120202020032
031313123011
120202001121
031311321222
031313103023
031313102301
031310132012
120200223322
031313102023
031133223322
031313102102
031311300312
031313100222
031311333132
031313100100
031133232011
031313112022
120202022013
031313120200
031311132100
120200222120
120202000130
031311313320
031311301312
031310123021
031313130300
031313131333
031313130230
031313102320
120202022310
120202002311
120202020101
031311123333
031311132222
031311330211
031311323301
031311313222
031313120033
031311320302
031133232013
031313033213
031311300230
031310123223
031133232110
031310311000
031311103233
031311301023
031133231211
031313013220
031313031111
031313120131
031313201330
031133223032
120202001201
031313123311
120202020121
031311321010
031311121233
031311312201
031313113123
031313012301
031313033220
031310122311
031313111002
120202003223
120202001113
031311312001
031311320322
031313310012
120202020112
031313112120
031310132131
031313122232
031310130001
031313111003
031313012220
031311031322
031313101100
031311331323
031311320310
031311033322
031313102210
031311311223
031313130113
031133230113
031313122211
031313210113
031310131132
031313120302
031313121221
031310130113
031313101221
120200223231
031313130310
120202001101
031311303020
031313131130
031311333202
031311330101
031313123111
031313120103
031311031120
120202020332
031311321123
031310131223
031311302321
031313132220
031313113012
031311121031
031313132113
120202002130
031311311230
031311333311
031313112121
031311001120
031311130200
031311330023
120202022111
031311322000
031311022001
031310132333
031311321320
031313030130
031310112303
120202000023
031310130131
031311302233
031313130301
120202021201
031313100133
031311030333
031133233220
031311013232
031311213310
031133223130
031313130200
120202021232
031311302112
031311230222
031313123310
031313110333
120202021330
031310131211
031313101310
120202010203
031313110232
031313133031
120200232231
120202022021
031313123110
031311102333
120202001321
031310130230
031133233312
120202023000
031310130300
031313031003
031313111131
031313012212
031313131212
031313031331
031311103303
031313130112
031313201331
120202001210
031311233231
031133231320
031311330012
031311322032
031313112331
031311332200
120202002333
031313113212
120200223110
031311321223
031313100120
031311123120
120202000113
031313113111
031313012313
031311233121
031313103022
031311301211
031311311121
031311330300
031311223102
031313202012
031310133102
031311300320
031313112000
031311323222
031311330200
031310130310
031313100303
031311311030
120202001103
031313103303
120202000120
031313111201
031311302132
031313201303
031311331012
031311330233
120202001320
031311130230
031311330132
031311332210
031313200133
031311333022
031311312232
031313011322
031313122210
031313133310
031313210220
031311103310
031313122201
031311331222
120200222311
031311001002
120202021202
031313032330
031313123313
031311103312
120202020232
031311300000
031313132200
031310112123
031313132000
031313111103
031313131023
031311302101
120202000121
031313132133
031133232131
031133231113
120202021230
031313012022
031133223300
031313111313
031311010033
031311321331
120200223003
031311101322
120202002221
120202000311
031311323331
031311332201
031311310122
031313102330
031311031103
031310133311
031313130122
031313130031
031311121130
031313133123
